43 66 96 130 139 148 165 174 178 190 201 248 250 251 267 272 286 300 333 343 346 360 401 425 451 474 507 514 539 593 629 630 653 694 716 861 881 983 1363 1464 1489 1516 1544 1771 1777 1819 1887 1889 1903 1961 2041 2061 2065 2067 2088 2110 2215 2263 2264 2350 2390
139 383
280 944 971
93 117 535 678 698 2198
208 656
72 149 267 327 430 510 517 525 527 552 582 688 1006 1238 1271 1296 1318 1345 1386 1422 1453 1530 1814 2259
1540
119 278 582
111 204 582
718
66 121 148 200 277 301 512 523 626 1324
100 119 130 200 201 216 280 288 435 527 582 677 899 945 971 975 1069 1696 1719 2126
912
117 200 201 203 648 724 1364
245
52 139
998
44 62 66 130 149 151 178 198 201 204 582 585 899
204
52 66 100 110 139 151 199 201 204 228 508 690 1318 2209
201
54 216 904
141 185 204 886 1060 1386 1652 2201 2390
44 99 200 205 237 430 604 999 1056 1479
111 130
253 728
0 43 69 82 100 117 174 178 216 217 219 224 233 250 264 266 280 300 301 327 329 343 360 401 406 408 419 421 425 426 435 450 474 510 527 535 582 594 601 604 622 626 663 724 736 797 830 875 919 941 970 986 1516 1520 1652 1763 1766 1879 1930 1961 2050 2065 2172 2199 2200 2216 2217 2362
44 141 149 223 251 327 974 1132
582 1389
115 130 142 300 688
266
419 558 716 792 2075
0 49 56 60 99 141 144 207 253 272 300 327 594 678 694 1325 1459 1652 1961 2110 2278
66
56 277 1345 1887 2390
277 527 1942
84 139
151
314 329 604
90 131 166 200 201 277 288 301 535 585 651 802 963 970 976 1084
115 165 199 277 280 316 1100
430 673 1307
207
84 130 199 245 277 278 508 1010 1060 1374 2316
1034
1763
8 43 103 130 142 200 216 277 565 582 610 614 677 695 1056 1246 1467 1763 2160 2201 2299
130 238 344 401 703 2209
113 148 165 178 945 1058 2347
107 130 143 174 200 292 565 594 696 744 945 1560 1650 2201 2276
44 56 84 383 975
43 44 115 142 151 201 216 327 453 559 565
782
634 2321
44 111 117 135 143 144 148 151 199 200 208 216 224 238 277 327 399 412 431 453 494 495 505 512 535 543 549 552 555 582 594 621 691 695 696 945 1341 1452 1488 1517 1652 1670 1777 1888 1892 1910
151 216 1034
130 151 201 656 690 695 1330
44 908
426 2209
56 77 90 99 111 134 137 141 178 182 200 201 205 216 277 294 296 401 412 582 590 919 976 2068
139 208 975
60 80 99 200 201 207 248 277 292 300 314 335 585 613 698 975 986 1068 1071 1130 1175 1301 1887 2062
111 144 151 197 505 525 626 695 1474 2126 2300
174 508 695
99 130 143 200 201 327 582 975 1019 1961 2201
117
253
0 116 144 178 200 201 206 267 286 287 301 435 527 590 596 718 1587 1652
96 151 986 1324
44 46 54 56 145 162 165 200 204 208 216 295 348 899 1479 1652 2049 2299
975
44 66 117 258 288 626
207 1060 1271 1318
204 975
66 277 327 651
139
99 100 139 144 175 208 212 216 316 327 526 604 614
986
1220 1374 1777 2071
200 343
144 233 688
253 327
66 111 115 117 130 131 148 151 198 201 292 316 327 343 350 383 453 564 941 1720
155 343
0 11 12 56 327 425 864
151
288 1068 1345 1675
200 216
138 178 200 277 283 327 412 535 566 582 585 718 724 933 1129 1132 1688 1971 1976 1979 2198 2199 2210 2352
0 129 148 393
143 216 594 631 676 688 1652 1671 2060
0 44 112 433 1756
56 165 201 216 277 292 296 419 525 582 610 673 1012 1068 1288 1889 2198
44 49 56 62 66 99 130 141 142 154 165 199 201 216 236 238 245 272 280 288 300 327 413 433 495 582 594 605 680 688 690 718 975 976 981 1341 1454 1455 1670 1696 2019 2038 2255
1 11 44 54 56 75 107 111 115 130 134 151 162 174 200 216 277 278 288 327 383 393 399 412 419 429 430 433 497 505 509 512 565 594 604 609 614 639 648 653 688 690 707 720 921 975 1270 1453 1520 1652 1670 1719 1853 1902 2082 2209 2259
974
54 60 72 164 172 216 251 274 327 435 558 582 594 887 912 970 975 991 997 1005 1068 1127 1364 1374 1455 1745 2049 2208 2211
912 1364
121 201 233 343 1060 1411 2259
44 84 311 900 912 1102
52 66 148 233 277 300 555 651 861 868 1454 1777 2010 2062
44 165 208 288 877 941 945 968 1324 1516 2201
610 1719 1763
60 139 272 288 291 582 653 826 857 986 997 1074 1318 1398 1488 2209
99
1652
43 44 66 88 100 111 116 119 130 134 144 151 173 201 204 219 228 241 277 286 288 311 317 343 344 412 453 484 505 508 565 582 626 676 718 724 736 1400 1421 1453 2209 2311
0 512
56 66 201 245 327 454 565 656 2039
119 204
44 651 663
72 139
148 198 280
236
205
44 47 99 119 130 136 144 170 200 201 204 208 277 292 435 535 594 605 728 883 1374 1652
60 72 96 283 453 585 883 975 1069 1381 1921
912
111 201 429 506 582 610 1652 1750 2160
15
474
165 317 582 648 1010
200 219 527 594 698 1783
56
75 125 130 151 245
311 610 1961
56 204 900 901
84 96 100 151 220 300 329 1065 1275 1381 1671
605
201
0 115 148 174 647 651 971
0
55 66 94 184 204 216 223 327 605 849 945 982 986 999 1068 1129 1246 1275 1296 1381 1389 1467 1665 1777 1930 2148
111 216 219 507 1060
178 200 604 696 1789
66
0 100 111 117 121 130 136 142 171 196 200 211 212 216 272 275 300 308 335 343 447 506 510 518 521 525 526 535 549 552 582 594 604 605 610 701 710 718 797 845 908 975 1271 1280 1307 1432 1444 1454 1455 1479 1503 1779 2014 2085 2256 2263 2264 2362 2390
56 130 165 216 287 339 497 589
216 975
201 582 604 652 784 976 1452 1488
412 605
981 1048
27 110
0 148 729
144 151 219 327 419 425 497 514 634 675 688 1839 2125
54 200 284 470 582 1006
99 300 846
200 208 212 253 543 594 857 945 975 1101
2160
53 100 116 178 199 204 233 253 277 278 335 430 468 582 604 689 975 976 1134 1443 1459 1530 1535 1800 2010
555 1453
357 503 582 695 2125 2198
139
44
253 651 976
66 174 200 288 1107
130 190 335
139 474
512 593
12 56 72 96 103 112 130 138 141 149 174 178 198 200 204 206 245 288 348 494 506 512 525 543 582 605 656 718 802 838 902 912 919 944 945 948 975 976 1017 1065 1067 1068 1129 1175 1344 1388 1453 1609 1688 1753 1777 1808 1832 1942 1959 2100 2114 2126 2200 2209
494
500
139
582 1451
111 174 199 348 357 1239 1454
46 200 585
99 200 203 1301
56 201 203 204 223 233 267 274 673 695 1019 1067 1519
66
64 165 174 201 272 275 419 495 521 565 582 594 600 626 676 975 1068 1270 1296 1387 1388 1512 1670 1743 1889 1946 1961 2198 2199 2209 2258 2332
327 975
84 172 174 208 210 212 253 553 565 1068 1155
111 174
1374 2068
521 1988
0 543 605 1961 2075
239 501 1887
148 412 543
1961
2198
0 56 66 200 613
601 656 2201
119 604 688
593
0 44 66 216 354 360 425 427 450 451 512 517 543 559 565 585 593 594 604 609 621 626 668 678 695 721 945 1387 1695 1857 2065 2067 2156 2263 2329
0 2043 2243
594
594 687 1777
200
585
39 116 507 621 626 1208 1376 1628 1970 2210 2217
0 64 216 419 718 2146
2121
2049
66 134 310 518 521 618 637 678 908 2380
582 718 1374 1711 1777
426
401
174 2353
99 440 585 593 716
510 585 703
505 511 585 605 668 1808 2004
54 204 208 435 552 582 646 708 941 976 984 1030 1056 1116 1214 1296 1299 1324 1381 1387 1412 1455 1464 1482 1499 1517 1631 1771 1979 1988 2042 2198 2396
435 594 651
582
470 582 604 1431 2208
512
171 582 656 745 975 1069 1341 1387
204
2210
88
401 501 507 514 2068
1961
1006
675 2199
1988
43 66 148 491 494 505 622 634 648 656 696 2116 2263
272 585 1670 2039 2120 2201 2205
494 981 1215 1344 1566 1651 1777 1787 1888 2042 2062 2198 2199 2208 2209
197
582 585 1393 1677
512
1380 1464
975
165 208 691 2352
165
155
0 121 178 287 507 549 585 901 944 1749 1777 1921 1926 2001 2118
401 440 543 585 695 975 1519 1808 1835 2209
139
518
594
2263
111 129 505 581 601 656 696 2390
0 66
651
66 393 582 594 631 656 2080 2125 2300
582 688 804 861 1056 1374 1454 1516 1961
197 278 357 585 604 605 651 656 989 1203 1262 1299 1381 1387 1405 1453 1488 1496 1503 2198 2331 2381 2387
134 651 685 718 983 2049
543 1808
116 117 178 251 383 397 401 425 426 690 1418 1928 2043
84 361 594 675 678 698 703 788 999 1374 1931 2216 2380
141 148 238 300 430 525 610 986 989 1203 1452 1688
0 327 361 401 415 447 451 455 540 585 600 617 703 971 1116 1324 1398 1451 1543 1652 1704 1882 1888 1933 1934 1950 1966 2051 2053 2060 2069 2077 2099 2126 2160 2209 2217 2254 2291 2340 2347 2390
675
334 695 1829
521 555 582 585 634 811 861 1027 1116 1131 1201 1345 1777 1870 1888 1961 2199 2229
140 476
8 75 111 115 130 250 275 412 540 594 597 614 656 691 700 975 1293 1416 2068 2229 2264
291 861 1202 1364 1412 1464 1668 2198 2209
60 117 691 1304
66 88 148 171 197 201 219 238 277 333 348 470 494 505 526 582 594 596 648 688 720 1340 2119 2211
54 66 204 688 884 1519 1660 1744 2209 2278
2068 2198 2341
12 361 539 635 1671 1779 2049 2201
108 1716 2041 2125 2264
121 130 277 342 393 576 582 603 626 1270 1294 1773 2198
174 582 2211
0 47 300 582 651 718 1516 2201
117 540 600 656 685 933
975 1777 2085
142 200 201 210 238 333 429 718 1285 1653
518
367 401 1295 2068
84 277 413 555 585 1995 2263
44 1667
46 111 401 440 514 539 540 593 622 675 1377 1632 1662 1777 1961
0
216 505 656 1412 1639 1652 1670 1671 1688 2048 2049 2125 2146 2209 2316
975
400 474 495 521 527 677 788 944 1238 1451 1464 1531 1651 1679 1719 1771 1777 1857 1885 1961 1976 2014 2068 2146 2198 2210 2228 2390
277 497 531 651 1208 1214 1516 1526 1652 1773 1783 1801 1808 1933 2048 2172 2198 2199 2206
44 200 238 540 549 698 1324 1473 2031 2060 2201 2211 2259
626 675 718 1393 1467 2101
174 360 367 419 441 514
66 327
0 151 174 212 582 1808 2337
54 431 512 549 1652 2000 2050 2198
204 360
604 1203 1961
622 678
696 2049
363
43 142 200 425 455 651 2209
11 34 44 54 56 65 66 84 88 96 99 100 111 119 123 130 135 142 144 151 155 159 172 174 178 199 200 201 208 210 212 216 228 245 253 266 275 277 291 310 311 327 334 339 350 393 401 412 423 426 435 454 470 476 482 495 497 505 512 513 518 525 526 531 535 536 543 552 553 555 559 567 569 578 585 588 594 595 601 604 605 610 614 625 627 629 631 634 646 647 648 651 652 653 656 673 676 677 678 680 688 689 691 711 718 736 744 773 784 789 857 868 884 895 903 912 941 944 970 975 981 986 989 999 1006 1019 1058 1068 1069 1087 1100 1146 1155 1177 1178 1195 1203 1246 1270 1294 1318 1324 1335 1337 1339 1348 1366 1374 1380 1382 1386 1387 1389 1391 1398 1407 1409 1411 1413 1428 1444 1451 1453 1455 1456 1457 1464 1467 1474 1493 1516 1517 1519 1529 1534 1570 1587 1649 1652 1664 1670 1678 1695 1714 1716 1719 1745 1750 1771 1777 1779 1784 1808 1824 1838 1839 1882 1885 1887 1888 1889 1892 1923 1924 1930 1952 1961 1988 2010 2014 2017 2040 2049 2050 2051 2065 2068 2069 2085 2087 2101 2108 2116 2126 2146 2152 2169 2172 2197 2198 2199 2200 2201 2205 2206 2208 2209 2210 2211 2217 2228 2229 2256 2259 2263 2270 2287 2293 2332 2333 2352 2355 2380 2390 2396
723 2217 2228
66 130 151 178 200 201 213 216 233 245 360 366 400 427 433 512 518 523 545 582 613 618 621 626 629 647 668 678 680 688 695 737 1304 1416 1648 1652 1670 1704 1773 1808 1888 1967 1970 2010 2041 2049 2075 2086 2108 2196 2201 2209 2217 2221 2228 2270 2341 2366
165 508 582 651 1745
510 517 1387 2042
507 656 975
66 656
117 148 243 277 388 401 530 585 690 736 1019 1479 1785 2065 2077 2201
8 43 47 65 82 115 148 151 174 201 204 277 282 412 464 494 495 505 527 531 582 610 625 651 652 656 674 688 690 695 718 912 975 983 1019 1067 1084 1101 1307 1374 1451 1453 1519 1777 1779 1961 2039 2042 2196 2267 2321 2390 2399
277 393 594 1743
8
585
401 423 512 583 585 614 677 2046
473 585 2126
43 131 204 280 288 412 435 510 558 582 594 634 646 718 785 908 975 1201 1299 1325 1410 1512 1681 1908 2141 2209
45 72 75 84 99 174 208 210 251 277 300 336 483 531 582 594 604 688 899 921 928 971 976 1006 1012 1060 1239 1338 1374 1410 1453 1455 1473 1515 2156 2198 2270
430
141 142 199 497 582 594 688 1069 1084 1293 1387 2049 2209 2390
277
505 585 723
130 151 413 1324 2270
688 763 1203 1961
1464
178 277 585
605
100 201 339 383 412 474 543 585 594 651 676 864 1246 1343 1652 1961 2172
484 1688
292 1519 2362
604 1652 2185
115 130 201 539 543 688 689 1576 1652 1776
425 712 1763 2380
143 651 656 676 2300
2160
8 205 277
582 678 1693
521
0 1324
680 1324 1420 1835
367
430 517 582 788 802 814 875 984 1175 1386 2198 2353
528 662
507
277 433 518 651 1056 1453
471 474
245 500 582 594
44 54 178 210 233 327 425 500 513 517 518 526 527 555 582 625 663 675 680 688 788 809 861 875 894 936 974 975 976 1035 1146 1246 1253 1271 1324 1348 1380 1454 1486 1516 1540 1562 1632 1679 1789 1808 2014 2042 2060 2067 2075 2087 2141 2196 2199 2209 2232 2264 2286 2319
651 1200 1208 1381 2198
196 277 567 582 585 651 1056 1288 1714 1984 2207 2208
1704
54 66 142 174 210 277 317 393 494 500 512 518 519 543 582 585 593 622 626 629 651 680 695 724 1150 1347 1652 1719 1770 1777 2049 2116 2211 2300 2316 2390
474
582 1325 1784
174
555
463 585 587 594 656 1395
585
201 511 530 581 585 731 1961 2041
245 419 582 725 1270 1517 1719 1892 2201
137 139 277 339 344 401 425 581 594 600 610 723 1067 1459 1648 1652 1678 1750 1808 2043 2066 2068 2126 2209 2227 2228 2342
139 401 540 656 677 1325 1650 1777 1961 2051 2198
585
100 111 219 277 507 557 616 651 678 688 689 695 698 926 1105 1304 1318 1381 1455 1585 1651 1652 2000 2049 2060 2147 2198 2215 2259 2300 2321 2341 2345 2390
0
419 975
149 1530 2198
357 582 676 680 2206
111 130 131 156 200 201 429 436 495 506 552 581 582 600 651 691 1270 1280 1325 1330 1374 1387 1391 1420 1459 1467 1516 1649 1784 1807 2048 2050 2201 2217
104 291 458 510 518 552 582 688 695 718 908 975 2126 2207
201 246 277 604 698 703 1345 1777 1889 2087 2100 2305
200 360 366 432 653 688 1387 1464 1719
431 653 709 795 1048 1069 1131 1208 1270 1358 2090 2198 2200
12 223 433 1359 1374 1459
111 130 151 154 175 246 250 292 459 526 582 594 698 1374 2041 2205 2263
54 130 155 201 643
199 208 393 594 941 1961 2263
238 582 2340 2380
2287
277
393 576 736 1474 2060
594 1208
1010
208 495 507 559 688 797 1652 2049
361 451 703
327 582 700 1649 2030 2125 2209
178 514 555 1898 1949 2125
460
1808 2050
0 519
54 56 88 90 119 121 148 197 204 277 280 288 301 412 506 527 582 604 653 688 709 797 975 984 1164 1295 1299 1324 1343 1374 1389 1393 1455 1519 1540 1670 1688 1961 2042 2049 2263
397 549 1444 1889 2039
401 643
168 329 543 1808 2209 2217 2264 2380
148 196 427 499 543 585 610 679 1785 2040 2135
250 523
1808
99 688 1653
121 383
668
1882
216 451 504 514 678 1933 2201
476 588 629 685 1652
1516
2221
840 883 942 970 1121 1234 1377 1418 1794 1893
200 695 788 914
998
971 1027
1027
838
894
327 1198
894 896 913 971 984 989 1060 1234 1236 1472
1941
582
145 198 200 246 280 416 470 517 605 656 789 802 838 844 883 908 941 949 970 975 982 984 1006 1022 1029 1068 1105 1146 1195 1230 1364 1374 1378 1454 1496 1516 1979 2118 2201
970 1069 1137 1411 1443
200
327 854 900 989 998 1074 1307 1381 1887 2060
594 784 966 1246 1301 2004 2051
739 942
971
971 1048 1861
780 788 846 849 946 970 983 1056 1064 1337 1380 1381 1466 1467 2065
836 901
96 884 912 974 999 1048 1069 1079 1265 1380 1387 1651
797 941 983 1035 1058 1069 1211 1330 1457 1517 1976 2066 2085
924
251 582 653 1328 1888 2278
198 412 1912
970 1027 1087 1389 1459
899
582
782 997 1058 1344 1358 1386 1453 2176
1455
1056
745 971 1265 1333 1391
145 223 272 327 454 527 651 746 750 839 894 900 941 944 946 971 999 1012 1015 1027 1280 1292 1301 1328 1377 1386 1388 1391 1411 1412 1418 1453 1534 1716 1835 1849 1889 2080 2160 2199 2209
142 883 986 1203 1488 1496 2065 2066
1265 1364 1381
1056 1516 1519 1521
151 314 790 883 971 998 1079 1130 1453
1395
849 1079 1145 1893 2146
975
797 982 984 1006 1028 1056 1324 1325 1358 1453 2379
459 688
1008
744 861 949 1036 1054 1065 1388 1459 1974
1516
1067 1521 2398
54 900 971 1201 2377
1520
582 753 944 1138
1418 1670
44 121 165 1942
1474
868 1027
1027
949 1069 1094 1388 1411 1453 1455 2199 2258
2258
212
204
1453
919 1389
601 941 980 1084 1489
151
142 174 1007 1374 1387 1777
746
784
210 945
119 474 512 525 1763 2156
1876
877 1380
582 894 971 975 989 1044 1073 1416 1499 1807
1030 1326 2038
272 788 997 1402 1516
236 807 2281
919
253 435 526 543 801 816 838 852 872 956 971 1039 1054 1067 1069 1132 1198 1453 1484 2209 2287
739 1084
272 277 594 915 1099 1307 1400 1434 1454 1961 2208 2229
140 207 226 327 1068 1137
178 802 829 971 974 1014 1039 1073 1388 1418 1893 2064
56 72
582 1243 1374 1453
412 494 605 688 1387 1519 2263 2333
56 689 857 1134 1519 1808 2010
216 2209
44 84 130 142 159 204 213 253 275 497 555 557 582 588 610 739 763 801 802 812 823 846 848 849 852 915 919 927 936 963 968 971 974 998 999 1024 1030 1044 1056 1063 1068 1069 1084 1086 1087 1090 1132 1203 1280 1328 1353 1381 1389 1457 1486 1590 1651 1777 1946 1948 1976 2055 2065 2068 2136 2197 2198 2199 2209
1516
301 1065 1889
1374
1121
780 971 998 1068 1291 1330 1381 2277
119 204 435 1150
66 142 200 275 506 557 739 1068 1374 1451
277
65 151 327 818 971 1058
816 819 894 1745
1069
924
251 565 582 861 1386 1418 1496
200 1201 1388 1835
826 883 1203 1326
605 1893
849 2199
861 873 915 946 971 982 989 1021 1027 1073 1079 1084 1089 1092 1275 1453 1516 1919 2209
883 1198 1364 1386 1757
0 85 327 1068 1087 1387 1652 1831 2019
281 320 582 984 1007 1223 1229 2255
1455 2198
201 912 983
1073 1453
912 975 1116
1381
903 1131 1337 1387 1777
208 753 797 801 971 998 1099 1387
1121 1564
200 894
849 896 946 1003 1030 1116 1174 1453 2209
739 788 849 971 997 1006 1069 1084 1262 1292 1453 1516 1527 1675 1679 2075 2191 2229
292 739 753 784 801 807 842 843 845 849 852 873 883 893 894 919 927 948 970 974 989 990 991 998 1003 1027 1030 1044 1048 1067 1069 1073 1083 1094 1111 1132 1155 1219 1225 1263 1270 1324 1326 1329 1371 1455 1459 1486 1563 1675 1865 2055 2093 2102 2108 2197 2318 2402
900
801 1027
96 552 801 1065 1101 1282 1380 1891
44 66 82 84 151 165 200 210 212 223 272 277 288 300 318 327 339 486 495 518 525 552 553 582 604 605 651 680 688 718 789 879 944 983 986 997 1006 1010 1027 1067 1068 1113 1116 1131 1201 1246 1256 1270 1280 1318 1335 1388 1398 1406 1488 1516 1719 1777 1785 1961 2049 2120 2126 2136 2199 2210 2211 2249 2331 2399
9 44 117 149 178 200 233 272 277 327 430 453 597 663 813 861 896 907 944 975 1019 1058 1069 1271 1406 1457 1517 2318
801 1292
272 1069 1453 1455
582 843 861 1677 2263
997 1008 1058 1226 1238 1270 1312 1453 1614 1889
711 983 1116 1233 1516 2318
0 54 60 84 96 99 151 178 208 212 327 435 512 582 718 784 843 943 975 976 983 1065 1239 1246 1421 1464 1531 1652 1777 1924 2067 2344 2390
210 1517
912
689 707 770 862 883 894 896 941 963 971 984 1069 1084 1200 1201 1292 1464 1508 1682 1771 2003 2291
971 1201
919 986 1067
912 1094
201 1451
327 901 971 1411 1724
130 919 998 1054 1076 1087 1254 1268 1298 1411
753 801 894 1027 1073 1090 1091 1213 1297 1377 1416 1418 1838 2071
0 582 862 912 948 971 986 1006 1069 1071 1090 1095 1241 1296 1411 1459 1477 2042
1007
56 986 1012 1131 1295 1374 1448
981 1374 1494 1855 2052 2060
941 1961
66 172 253 274 944
1307 1540 1891 2100
62 300 780 849 948 971 974 986 1058 1208 1211 1459
861 1068
72 830 984 1048 1068 1380
178 582 877 1719
1012 1415
495 582 896 1466 1516 1889
870 992
651 687 750 795 797 831 838 839 942 970 989 998 1084 1203 1265 1380 1386 1387 1493 2197
393
9 272 802 851 974 986 1048 1270 1411
1073
1324 1496
236 1024
739 1566
971
784 1381 1671
894
1979
605
826 919 1074 1175 1203 1314 1855
1079
107 278 516 610 653 689 781 797 849 861 896 908 997 1016 1058 1084 1175 1307 1324 1398 1444 1453 1454 1455 1459 1464 1488 1499 1516 1526 1649 1670 1784 2075 2099 2198
144 212 639 883 971 1012 1027 1411 1473 1521 1540 1988
251 415 579 651 676 788 797 862 971 976 994 1068 1074 1381
145 744 830 971 991 999 1046 1132 2087
335 718 816 863 895 971 986 1064 1069 1296 1298 1314 1381 1464 1516
62 110 141 144 148 151 164 178 201 210 223 233 288 292 317 327 335 336 343 360 494 517 518 569 581 582 594 595 605 656 677 678 688 694 744 817 838 915 963 971 972 975 976 983 984 997 1020 1056 1058 1067 1069 1100 1130 1131 1132 1154 1175 1241 1246 1288 1298 1318 1330 1387 1391 1393 1394 1409 1443 1452 1459 1464 1485 1517 1519 1673 1688 1714 1777 1784 1808 1835 1887 2093 2114 2146 2198 2210
277 317 788 843 873 919 975 976 999 1029 1374 1421 1422 1444 1450 1453 1516 1673 1777 1867 1978 2017 2065 2072 2299 2344
1201 1270
826 970 1068 1069
0 142 272 656 676 948 964 975 997 1116 1387
997 1046 1116 1459 2052
839 942 971 1056 1270 1326 1381 1757 1831 2125
1416
605 802 818 941 1028 1069 1295 1323 1381 1388 1457 2065
1381 1675
327 933
941 970 1124 1463
1069
816 971
942
236 582 949 1831 1952
1499
849 912 1516 1543
784 974
0 144 494 651 688 1107 1310 1479
1323 1387 1454 1488
56 802 1069
44 975
582 1068 1830
1381
246 327 974 1086 1094 1265 1307 1464 1494 1516 2198 2201 2208
1411
894 971 1388
894
1022
208
582 872 909 1069 1455 1516
872
1431
208 327 975 1116
1414
130 200 334 582 975 983 1069 1132 1324 1431 1453 1456 2090
204 253 300 750 789 797 894 912 937 997 1017 1019 1067 1129 1145 1280 1349
236 976 1270
75 790 971
141 784 868
1454 1464 2198 2293
1870 1912
1522
582 1464
1924
1292
2198
552 1455
12 430 527 582 651 676 688 691 711 802 903 970 981 989 1084 1246 1270 1298 1299 1304 1324 1349 1353 1371 1381 1414 1422 1453 1455 1477 1516 1517 1530 1641 1761 1773 1886 2050 2198 2199 2276
272 873 1214 1299 1364 1712 1719 2196 2359
327
300 1067 1535 2027
603 963 1650 1887
784 986 1304 1324 1453
1389
178 513 594 826 970 1069 1288 1344 1359 1374 1389 1416 1452 1506 2051 2206
688
582 793 971 984 1238 1377 1380 1381 1391 1411 1441 1466 1506 1516 1660 1808 2041 2191 2269
12 130 1019 1889 1978
178 430 474 497 843 883 935 936 971 1116 1176 1265 1282 1330 1347 1391 1419 1433 1496 1520 1542 2232 2287 2344
96 1069 1285 1389 1414
1201
873 1054 1358 1391
44 47 513 582 605 688 883 941 975 1068 1122 1176 1280 1296 1304 1307 1318 1341 1374 1387 1414 1453 1496 1517 2051 2110
1011
117 1380 2160 2258
1067 1203 1389 1416 2049 2318
531 582 688 692 718 1246 1341 1374 1386 1453 1455 1474 1651 1771 1855 1889 1919 1961 2196 2198 2209 2332
797
582 1298
1358
1891
968 1203 1326 1428
1056 1208
984 1777 2075 2200 2209
12 582 975
621
1310 1884
1719
1175
1318
816 929 1201 1380
178 1328 1455
826 1201 2232
1377
0 989 1378
1203 1330 1452 1893
427 1201 1214 1265 1268 1299 1304 1307 1322 1386 1391 1413 1516 1773 1787 2047 2134
1364 1389 1391
497 2199
327
1889
2259
816 1455 1459
1132 1201 1297 1381
1893 2065
968 1079
1201 1213 1260 1292 1380 2160 2198 2287
1533
249 483 582 588 613 651 688 873 894 1226 1230 1275 1294 1298 1376 1388 1454 1455 1464 1516 1533 1652 1719 1789 1809 1888 1961 1994 2175 2201 2209 2337
629 1295 1374 1457 1530 1652 1898 2041 2198 2209 2215 2278 2293 2337 2390
62
2199
435
327 360 688 919 1270 1295 1455 1482 1990 2156 2196
223 1364
896 1296 1389 1411 1526 2146 2209
1247 1903
210
140 531 750 797 945 975 986 1067 1296 1464
200 594 1203 1389 1468 2393
1418
1111 1132 1400
1652
430 1048 1178 2208
582 1107 1271
100 130 513 652 668 1065 1307 1324 1387 1406 1454 1464 1817 2049 2216
236 971 1240 1246 1377 1380 1414 1418 1426 1460 1893
151 525 1195 1301 1307 1380 1393 1457 1777
249 535 692 970 971 974 1056 1058 1175 1202 1203 1225 1246 1298 1324 1380 1411 1416 1516 1526 1530 1712 1714 1839 2090 2126 2172 2199 2201 2207 2286 2321
1006 1253 1375
780 894 998 1046 1084 1198 1421 1455 1459 1467
610
1516
495 797 883 884 936 941 970 975 976 1069 1087 1138 1150 1246 1296 1386 1453 1454 1520 1521 2160
976 1239
797 1377 1380 1455 1516
46 585 594 610 814 941 975 986 1122 1464 1540 2065
971
56 327
1453
986 1295 1455
12 165 200 267 430 455 497 517 552 582 594 653 1056 1226 1284 1307 1374 1376 1411 1416 1450 1490 1516 1520 1696 1732 1757 1784 1889 2087 2146 2198 2205 2209 2321 2332
130 582 605 646 924 982
984 1069 1201 1486 1500 2208
594
1030 1054 1254 1388 1540
976 1463 2065
781 843 944 1058 1280 1506 1544 2052 2060 2209
970 1203 1411 2065 2208
111 197 975
688 2263
44 1452 1464 1467 1784 1808 2208
582 975
582 605 653 975 1270 2198 2344
605
1069 1660 2274
12 984 1298 1347 1455 1489 1695 2199
44 1348 1376 1459 2080
971 1841
1175 1359 2198
116 499 2217
989 2196
894
709 936 998 1067 1175 1203 1211 1347 1378 1380 1391 1411 1506 1891 2023 2065 2264
517 585 691 1455 1719 1772 1777 2060 2169 2198
919 1771
893 941 1116 1201 1204 1304 1380 1382 1388 1876 1898
211 970 2264
1012
852
831 836 1160 1522 2072
1006 1270
44 46 148 174 200 266 272 275 300 335 405 427 495 517 525 527 535 552 569 582 604 605 651 652 653 687 688 700 784 941 975 976 1006 1164 1246 1270 1277 1294 1324 1359 1381 1387 1398 1451 1454 1516 1517 1530 1622 1908 2065 2085 2141 2206 2264 2302 2316
99 582 1089 1452 2062 2210
1455 1459
277 826 858 982 1069 1330 1380 1411 1516 1845 1933
139 280 816 1027 1455 1675 2344
277 739 849 883 884 971 981 1067 1068 1201 1265 1374 1375 1391 1412 1417 1418 1500 1516 1675 2373 2402
208 236 327 603 605 639 816 844 895 926 1007 1027 1068 1172 1201 1203 1288 1292 1324 1339 1380 1382 1388 1391 1416 1418 1451 1453 1455 1472 1520 1745 1790 1912 2004 2071 2085 2197 2209 2390
401 1355 1364 1411 1930 2137 2326
1246
119 582 651 718 941 975 976 1028 1035 1056 1124 1249 1307 1411 1421 1453 1454 1477 1517 1521 1652 1831 2048 2075 2291
8 56 96 121 278 300 400 433 517 552 582 594 604 709 976 982 1006 1008 1015 1087 1116 1131 1208 1270 1294 1295 1341 1345 1386 1410 1421 1453 1454 1473 1474 1516 1521 1889 2198 2209 2211 2217 2269
919 968 975 984 1238 1301 1380 1400 1412 1414 1418 1453 1457 1477 1833 2072 2197
594 831 884 948 971 1067 1079 1198 1201 1213 1345 1381 1417 1465 1527 1719 2038 2048 2065 2075 2198
1324
594 831 884 1067 1203 1290 1332 1381 1395 1453 1494 1504 1879 1912 2038 2065 2072
495 1068 1454 2050
54 854 998 1389 1548 2209
66 99 165 200 1455 1479
510 998 1321 1381 1388 1411 1777 1876 2062
401 495 1307 1386 1452 1455 1773 2198 2258
2198
208 945 1837 1978
1528 1771 1887 1961 2087 2270
1381
66
605
582 610 788 789 836 861 873 941 971 982 999 1175 1211 1213 1339 1380 1427 1477 1499 1516 1887 1889 2050 2051 2055 2198 2208
1297 1389
343 629 945 1068 1358 1488 2068
582 844 900 936 1124 1234 1292 1299 1358 1391 1516 1711 2066 2208 2286 2384
884
919 998 1318 1330 1380 1400 1861
1358 1454 1777
277 506 797 836 1164 1387
433 680 826 1056 2201
1238 1270 1320
823 843
849 975 1048 1056 1304 1891
849
277
1831
2259
555 698 1198 1268 1378 1381 1787 1978 2390
149 582 1374 1387
604
200 517 846 1068 1296
216 513 709 971 1784 2119 2209
531 653 656 1056 1175 1208 1271 1275 1339 1520 1719 1745 2207 2264 2291 2302 2344
111 125 178 197 272 383 433 510 517 525 552 582 605 695 711 836 854 934 971 976 982 1006 1035 1056 1116 1195 1203 1210 1277 1283 1324 1337 1406 1454 1455 1464 1516 1544 1943 2060 2065 2209 2276 2340
429 430 495 497 500 517 521 525 527 582 624 656 682 692 718 728 896 1060 1116 1295 1307 1308 1341 1348 1374 1375 1380 1393 1455 1479 1543 1652 1714 1773 1777 1933 1979 2004 2065 2068 2174 2198 2263 2270 2299 2332 2353
84 144 233 283 292 582 604 692 883 902 976 984 1011 1116 1132 1175 1194 1214 1230 1238 1240 1254 1270 1299 1323 1330 1347 1381 1402 1405 1411 1452 1453 1516 1526 1719 1849 1889 2004 2198
513
938 1210 1378 1454 1477 1539 1884 2085 2147 2380
291 971 974 976 1064 1201 1214 1238 1263 1344 1380 1516 2022 2199
1203
88 199 201 275 327 343 382 518 552 569 605 621 688 708 849 924 971 983 984 1146 1293 1341 1387 1421 1444 1453 1516 1673 1679 1887 1918 2199 2210 2214 2232 2311 2332 2333 2337 2390
831 1451 1472 1506 2087
1068
327 984 1387
277 288 430 490 506 525 594 944 1271 1374 1517 1777 2049 2380
582 639 1056 1270 1318 1443 1517 1699
1046
44 165 200 495 582 928 1068 1299 1341 1343 1377 1464
1516 1887
982
1516
111 868 1220 1412 1500 1711 1976
1376 1381 2209
291 1069 1464 2065
802 1453 1839 1853
165 435 1150 1516
506 582 1208 1332 2201 2268
151 178 600 677 738 1067 1175 1200 1414 1516 1834 1941 2345
233 588 688 797 976 1067 1068 1270 1453 1454 1464 1688 2062
594 1318 2198
894
1516 1876
1203 1375
582 1421 2209
513 582 844 883 998 1256 1455 1459 1649 2065 2138
1887
2291
272 277 288 582 595 663 692 805 831 838 840 873 895 912 982 1012 1058 1069 1175 1176 1194 1198 1208 1214 1265 1292 1296 1299 1330 1332 1374 1381 1389 1418 1453 1455 1480 1486 1494 1540 1652 1666 1675 1719 1784 1889 1923 1943 1961 2046 2066 2078 2198 2199 2208 2210 2344
200 537 582 594 814 883 934 942 976 986 1150 1175 1271 1304 1335 1337 1374 1496 1711 2198 2217 2402
1500
201 292 432 582 585 604 691 1022 1100 1233 1622 1670
208 984 1100 1208 1292 1373 1381 1387 1402 1454 1779 1831 1835 2198 2332
510 983 1064 1374 1387 1444 1464
1457
1395
1176 1198
998 1385
1203 1240 2038
1194 1772 2196
553
708 791 1006 1056 1214 1387 1402 1414 1516
1374 2209
1056 2172
1067
1229 1377
1358 2065
200
582 872 983 1145 1651
1299 1386
471 716 975 1287 1296 1358 1544 1564 1704 1807 1853 1888 1921 1933 1970 1988 2003 2077 2197 2204 2228 2292 2323 2353
0 432 507 565 1068 1389 1426 1543 1649 1663 1784 1807 1851 1882 1921 1933 1952 2040 2052 2086 2197 2204 2209 2233 2252 2318 2333 2345
1808
656 1903
1912
360 2064 2069
2055 2068 2355
454
585 884
178
2353
1888 2268
383 527 976 1632 1652 1670 1809 1888 1891 1967 2022 2050 2197
2069
1711
1265 2201
2043
1667
582 971
1783
2041
582 2108
1979
1280
507 1882 2264 2296
178 656 2049
174
1887
651 2055 2196 2200 2270
427 447 506 651 1377 1719 1777 1961 2050 2198 2199 2208 2209 2210 2211 2229 2300
682 1652 1942 2060 2075 2216
171 941 1270 1382 1459 1649 1784 1889 1912 2199 2232 2258 2286
0 12 60 153 266 277 280 410 427 453 494 498 514 517 535 540 552 555 582 605 651 653 670 680 688 700 702 718 738 902 976 986 1006 1024 1027 1065 1067 1234 1270 1324 1411 1496 1516 1596 1687 1693 1745 1749 1750 1770 1888 1889 1892 1933 1979 1989 2039 2049 2050 2060 2062 2075 2086 2117 2125 2146 2169 2209 2217 2221 2238 2245 2390
2075
66 975 998 2051 2345
585 1214 1455 1724 1761 1900 1976 2029 2040 2042 2062 2072 2093 2208 2258 2276
1203 1719
1921
0 1808 2049 2077
2377
711 2136 2197
401 656 1822 2019 2043 2086
1301 1667 1696 1882 2114
130 393 463 510 517 525 555 557 565 594 656 695 944 1012 1374 1406 1488 1587 1688 1777 2126 2160 2386
1888 1903 1989 2277 2396
514 1787 1893
830 971 1127 1137 1195 1203 1244 1649 1651 1671 1683 1711 1882 2080 2191
1889
1068 2040 2198 2207
2316 2344
523 1591 1671 2141 2205 2217 2269 2330 2377
1519 2207
1453
1374
12 451 2255 2259
501
1068 2049
1515 2174
401 605 629 1772 1995 2017 2075 2116 2209 2263
12
1887
1809
0 200 366 455 516 589 634 651 724 946 975 1270 1381 1652 1681 1719 1727 1942 2049 2068 2075 2160 2198 2270
233
651 691 1175 1344 1358 1414 1516 1675 1793 1824 1835 1961 2038 2067 2292
277 998 2065
507
1339 1785
1027 1201 1891 1893
295 507 552 582 585 594 651 675 695 1398 1516 1519 1671 1889 2050 2101 2201 2209 2217 2259
1520 1670 1886 2053 2353
201 801 1240 1516 1887 2141
1756
1271 2386
1453 1455
2377
2101
1889 1933
1027
2075
1160
1930
130
1068 1391 1876
419 543 1387 1609 1702 2041 2075
1381 1988
210 2160
2160
311 1488 1719 2141 2210
1176 1667 2160
1411
0 1887 2276
300 2041 2141
0 43 117 130 134 165 174 200 208 277 327 392 484 500 512 517 518 553 565 582 588 610 623 624 653 656 688 709 797 863 975 986 989 1068 1288 1318 1374 1377 1387 1454 1464 1479 1516 1670 1678 1892 2010 2043 2051 2075 2086 2126 2141 2160 2198 2217 2264 2300 2317
971 1324 1374 1420 1753 2004 2087 2100 2198 2206 2209 2259 2316 2390
423 513 552 594 605 678 781 1069 1214 1452 1889 2185 2200
651 1519 1976 2146 2199 2390
946 984 1056 2004 2010 2209 2264
2126
12 84 174 226 357 366 539 552 582 585 605 615 641 646 651 688 692 784 945 991 1226 1298 1324 1345 1358 1411 1455 1503 1504 1526 1530 1649 1652 1667 1695 1714 1719 1757 1808 1887 1952 1953 1961 1971 1991 2042 2046 2087 2125 2126 2169 2197 2198 2209 2217 2316 2321 2337 2344 2362 2369 2386 2396
336 1835
56
974 1459 1667 1724 1745 1822 1887 1912 2051 2141 2209
1667 1887 2071 2147
54 382 801 816 971 1540 1649 1777 2198
1887 1937 1985 2139 2287
1176 2057
1887 2353
1887 2274
272 1724
1809
1808
651 1454 1580 1770 1887 2198 2209 2344
510 1887
1715 1887 2100
142 210 582 604 639 707 814 1201 1375 1382 1455 1566 1652 1753 1777 1810 1884 1891 1930 1983 2010 2014 2050 2051 2068 2075 2087 2141 2160 2209 2210 2217 2311 2316 2353 2380
62 1652 1849 1903 1921 1954 1966 2043 2208 2238 2255
1988
66 675
1562 1814 1887 2101 2210
44
454 2198
2353
148 1919
1882
2199
1660
111 1887 2065 2085
538 678 842 1452 1711 1879 1923 2051 2197 2209
1787
1330 1711 1745 1783 2217
425 1176 1253 1887 1919 2055
1740 2038
1660 1887
2040
1891
430 594
975 976 1116 1411 1855 2147 2199
2075
1622
1702 1807 1882 2210 2281
513 1978
2072
1678 2381
548 656 1808
1652 1777 2201
656 831 1194 1930 2049
984 1306 1418 2085
1516
1418 2055 2065
2062 2065 2402
66 148 277 401 425 451 507 519 535 543 585 594 647 677 830 1494 1544 1576 1650 1653 1662 1671 1800 1809 1868 1887 1903 1914 1921 1926 2015 2040 2043 2061 2067 2069 2075 2126 2141 2151 2170 2197 2199 2204 2271 2343 2345 2377
1652 2075
453
0 401 1056 1663 1903 2043 2101
52 66 115 223 311 382 549 555 582 615 618 634 651 652 656 675 814 826 976 984 1203 1207 1225 1234 1326 1406 1408 1411 1452 1454 1651 1714 1724 1753 1761 1772 1790 1801 1832 1857 1885 1891 1899 1960 1971 1976 2010 2025 2042 2051 2055 2067 2072 2075 2114 2199 2209 2258 2276 2283 2300 2333 2353 2355 2386 2398 2402
0 44 139 401 618 654 656 713 1295 1339 1543 1750 1808 1865 1870 1882 1970 2125 2126 2199 2209 2352 2377
208 555 1467 1543 1660 1757 1777 1785 1809 1887 1979 2016 2199
2263
1711 1923 1979 2051 2072 2147 2380
975 1667
116 425 688 826 884 971 980 981 997 1203 1287 1358 1400 1478 1516 1522 1562 1872 1901 1924 1958 2055 2065 2093 2102 2141 2197 2199 2347 2392
1400
357 585 651 1387 1406 1930 2160 2326
861 2065
831 1106 1506 1562 1809 1833 1884 1988 2045 2065 2176 2201 2209
1777 1783 2052
2126
689 1882 2075
1671 2154
656 1770 1777 1952 2051
1678
1046 1516 1712 1831 1893 2274
507 594 1809 1948 2040 2069 2170 2350 2377
1290
1265
1364 2048
446 716 1453 1568 1809 1824 1882 2080 2086 2377
216 2337
582 1198 1298 1324 1745 1772 2055 2337
2088
425 1544
1891
0 139 435 1762 1891 2043 2068 2221
277 543 582 595 711 1888 2255
346 588 651 1543 1566 1844 1870 1898 2043 2077 2318
2160
2199
1948
1887
201 610 1678
590 1459 1596 1704 1898 1971
518 1671 1937 2010 2087 2238
1893
1919 2198 2276
1810
1675 2041 2043 2141
1652
427 677 1459 1543 1808 1889 2049 2080 2108 2238 2340
1808 2041 2199
2060
903
0 148 201 210 253 505 555 582 585 651 1068 1132 1178 1337 1375 1773 1784 1887 2046 2198 2199 2200 2316
507 585 1552 1576 1809 1889 2043 2270 2291
521 1292 1756 1930 2176 2198
1541
1777 1808 1882 1988
634 992 1240 1241 1695 1772 1777 1819 1900 2072 2232 2287
0 582 980 1377 1380 1544 1683 1889 1979 2033 2102 2138 2201 2274
178 1203 1290 1299 1712 1724 1887 1923 2042 2062 2065 2066 2071 2173 2198 2217 2229 2258 2317 2365
1380
621 788 2198
1175 1887
66 494 507 523 1662 1785 1816 1966 2043 2068 2075 2126 2270 2340
613 1652 1756 2068
1792 1906
1650
989 1719 2052 2209
1459
2040
2166
1678 2217
499 2043 2067 2254
1777
300
585 677 1891 2199 2353
1679 1770 2004 2209
1988
567 2041
1667 1882 1887
1930 2077 2085 2288
165 327 1105 1516 1872 2072
430
1387
1889
656 724 1056
43 971 1246 1364 1516 1807 1891 2065
582 1387 1704 1966 2069 2075 2085 2198 2205 2288 2316
0 100 688 1739 2233
60 495 509 582 723 798 811 1060 1328 1519 1650 1670 1750 1777 1783 1882 1884 1887 1889 1988 2014 2068 2185 2196 2201 2221 2228 2332
0 582 854 1058 1068 1364 1414 1463 1660 1679 1745 2025 2051 2055 2067 2197 2209 2245
454 600 677 724 989 1543 1566 1610 1629 1652 1664 1681 1728 1740 1808 1824 1903 1924 1931 1966 1988 2040 2067 2075 2126 2147 2199 2200 2202 2206 2211 2217 2249 2270 2306 2326 2377 2390 2399
0
970 1930
1681 2014 2196 2199 2270
0 178 535 737 1068 1520 1533 1889 2038
121 210 250 401 501 520 537 549 582 585 594 604 682 723 724 944 975 1236 1376 1467 1519 1533 1652 1942 2068 2197 2206 2263
88 178 200 233 295 388 451 453 490 495 517 526 527 553 567 576 582 585 709 971 1067 1068 1277 1374 1411 1649 1833 1887 2049 2060 2146 2199 2221 2263
0 558 875 997 1651 1784 1787 1801 1813 1831 1859 1933 1967 1979 2100 2147 2199 2227 2319 2337 2390
1380 1675 1719 1990 2200
989 1247 1330
514 823 836 975 1068 1201 1207 1364 1391 1517 1859 1893 1978 2049 2058 2201 2209
1054 1201 2065 2160
1280 1380
582 604 1022 1307 1324 1649 1704 1961 2201 2317 2332 2396
141 266 582 589 984 1653 1724 1886 2075 2160
66 474 1381 1412 1653 1678 1683 1784 1814 1887 1893 2051 2141
582
66 266 582 887 894 1056 1198 1208 1290 1381 1520 1652 1745 1777 1887 1912 1933 1934 1945 2022 2038 2042 2066 2067 2085 2199 2205 2232 2276 2337 2345
1068 1381 1489 1717 1855 1887
513 896 1324 1516 1544 1577 1649 1801 1886 2010 2041 2043 2068 2156 2205 2209 2264
100 388 446 474 538 543 582 585 594 614 678 688 723 1022 1344 1543 1652 1663 1670 1688 1703 1719 1960 1970 2043 2075 2118 2126 2205 2221 2228 2270 2299 2352 2386
0 594 1544 1809 1882 1966 2040 2118 2296
1783
1411 1695 1830 1839 1885 2120 2172 2198 2199
419
216 552 563 605 1069 1341 1453 1464 1543 1653 1673 1808 1809 1822 1882 1886 1888 1969 2002 2040 2041 2051 2068 2086 2118 2119 2141 2217 2264 2311 2330 2345 2355 2380
971
474 582 1203 1412 2199 2214 2267 2270
151 1887
1416 1631 1652 1889 2112 2156
111 2065 2208
2072
44 151 557 582 651 691 724 1064 1147 1203 1455 1540 1687 1830 1886 1891 1948 1961 2010 2062 2125 2197 2201 2209 2210 2332 2386
277 695 1444 1817 2069 2075 2345 2380
495 582 651 948 971 976 986 1089 1301 1366 1388 1408 1452 1459 1516 1530 1777 1808 1889 2174 2209 2270 2333
1568 2170
2072 2209
327 1065 1961 2052 2209
1882 1948 2292
2196
1678 1890 1979 2019 2041 2278
1671 1687 1887 2138
975 1211 1328 1330 1418 1979
1893
44 236 494 2043 2332
783 1506
507 826 1873 2209
582
975 1887
549 718 976 1296 1861 1933 2217
1808 2380
0 941 1808
1887 2196 2238
1882 1966 2061 2377
1544
585 1652 1961
178 246 491 513 516 549 582 585 1652 1670 1728 1961 2066 2125 2201 2256 2386
2043
1552
1887 2051
535 1660
1414
1307 1784
1133 1271 1563 1696 1777 1868 1886 1887 2041 2042 2143 2172 2198 2210
353 517 1453 1777 1887 2014 2051 2068 2101 2353 2359
582 688 912 980 1200 1378 1516 1651 1839 1918 2033 2038 2065 2299
2386
201 2067
1719 1865
474 975
1455 1747 1772 1868 1886 2041 2061 2228
1777 2332
66 141 200 201 272 327 402 413 423 491 507 519 527 582 585 654 801 1011 1174 1211 1301 1388 1395 1411 1530 1566 1636 1675 1678 1763 1808 1816 1882 1886 1891 1979 1989 2014 2038 2050 2062 2064 2077 2081 2199 2209 2216 2299 2332 2345 2363
1673 1675 1857 1978 2196
1544 1743 1865 1888 1930 2061 2068 2209
2160
343 1175 1712 1777 1784 1790 1886 1889 2087 2141 2211
971
736 1455
1887 2196 2274
1651 2080
1201
277 495 582 621 1576 1930
178
388 585 896 971 1516 1789 1879 1887 1988 2042 2066 2147 2185 2199 2255 2332
84 497 594 1056 1102 1298 1552 1651 1652 1912 1937 1988 2078 2100 2138 2141 2156 2209 2288 2317
3 12 44 142 178 200 238 258 272 277 283 393 416 430 435 455 470 490 495 497 507 517 525 535 549 552 567 570 582 585 594 597 605 624 634 639 651 652 656 676 680 687 688 692 695 718 756 797 904 912 924 936 970 974 983 986 989 1058 1065 1068 1074 1169 1175 1176 1202 1207 1208 1214 1238 1246 1271 1280 1285 1296 1298 1301 1307 1318 1323 1324 1325 1345 1347 1358 1374 1376 1391 1393 1407 1409 1411 1420 1421 1422 1428 1453 1454 1455 1464 1473 1477 1479 1516 1517 1520 1526 1530 1540 1577 1587 1649 1667 1688 1719 1771 1772 1777 1800 1808 1855 1903 1921 1946 1967 1976 2022 2027 2030 2031 2060 2062 2065 2067 2068 2072 2087 2098 2108 2120 2196 2197 2199 2201 2207 2209 2217 2229 2276 2287 2332 2390
75 199 201 275 277 343 506 582 680 896 901 949 1006 1012 1067 1176 1248 1276 1299 1378 1455 1494 1516 1529 1541 1716 1750 1757 1777 1807 1808 1887 1889 1919 1924 2025 2041 2042 2156 2198 2209 2229 2299 2363
343 1176 2209
65 165 277 412 439 440 593 687 737 975 983 1007 1048 1124 1358 1389 1455 1652 1777 1906 1961 2043 2126 2152 2177 2197 2299 2311 2317 2380 2387
2051
1568
201 875 1474 1566 1577 1931 2021 2199 2201 2221
361 575 656 1516 1688 1719 2209
53 56 130 582 605 656 797 1652 1801 1831 2259 2321 2390
454 621 631 651 696 744 975 981 1208 1339 1386 1411 1489 1517 1660 1719 1849 2048 2146 2229 2390
182 277 360 415 448 555 582 585 604 613 614 621 634 651 656 661 679 691 703 721 736 975 989 1214 1270 1299 1304 1406 1464 1516 1610 1649 1670 1678 1772 1789 1808 1827 1886 1887 1903 1908 1930 1961 2014 2017 2023 2042 2050 2068 2075 2085 2117 2156 2172 2197 2198 2199 2200 2201 2208 2217 2228 2229 2255 2263 2264 2291 2317 2340 2380 2386
582 692 1459 1652 1995 2023 2317
34 178 277 1330 2049 2198
174
523 543 585 1271 1682 1695 1931
425 463 507 519 582 651 653 688 724 975 986 1506 1576 1577 1609 1648 1687 1756 1773 1808 1865 1930 1952 1995 2003 2010 2041 2068 2205 2211 2221 2256 2299 2311 2359
1903 2069
238 565 710 1092 1822 2051 2068 2117 2311
1516
66 1651 2283
174 201 585 594 690 1455 1670 1809 2154 2263 2318
339 519 1387 1454 1660 1887 2065
1671
594 1022 1364 1381 2038 2201
1477 2169 2217
360 594 826 1882 2118
1888
2353
0
1903 2288
582 724 1649 1719
1270 1464 1652 2052 2217
585 1400 1516 1660 2264
1473 1777 1853 1891 1961 2041 2049 2198 2201 2209
989
66 216 484 509 651 656 680 1520 1649 1652 1887 2041 2049 2259 2276
148 504 521 894 1667 1893 1988 2075 2156 2209 2240
1453 1903 2060 2318
690
1064 1084 2119 2197
178 507 593 610 1882 1889 1961 2043 2340
2062
142 1887
1833 2062 2080 2283
971 1073 1358 1453 1675 1885 1887 1976
802 2208 2339
1887 2258 2277 2390
200 1215 1459 1783 2038 2067 2240
1882
1958
1270 1455 1784 2208 2320
1201
718 1431 1887
1648 1772 2023 2075 2121
1887 2209
2141
175 200 582 1516 1719 1903 2126 2209
1453 1652 1719
47 626 2049
677
56 143 1056 1391 1652 1770 1887 1888 1995 2051 2126 2249
2067
2238
931 1660 1961 2199 2207
277
1675 1882 2062 2286 2321
1651 2146 2197
521 594
569 1467 2120
1653
1882 2086
1704 2086
582 2291
117 582 1318 1324 1451 1455 1790 2048 2199
335 797 1431 1756 1772 1887 1889 1978 2199
1380 1655 1891 2147
2010 2065
507 585 691 1552
582 614 2060
518
1808
280 463 651 1195 1516 1744 1771 1901 2041 2211 2333
582 1808 1988 2086
1247 1380 2102
130 585 1808 1930 1967 2069 2075
610 737 1385 1543 1719 1870 2065 2210 2250
1207 1675 1783 1891 2027
2198
197 401 661
2116
1868 2208
1652 1777 2116
1185 1371 1516 2043
393
1652
1933 1976 2077 2093 2136
138 148 201 277 494 631 656 797 855 1116 1652 1789 1961 2041 2068 2169 2198 2209 2299
497
144 687 2333
1068
139 585 984 1887 1888 1979 2004 2160 2264
976
353 718 1067 1107 1116 1246 1473 1652 1961 2217 2259
1867 2197
1010 1324 1681 2051
1652 1893
1979 2069 2337
1543 2062
277
343 2080 2102
